CONFIG.DEMO_MOVEMENTS      = true; % Either true or false

%% ToRestore
%CONFIG.TIME_CONTROLLER_SWITCH = params.tswitch;       
CONFIG.TIME_CONTROLLER_SWITCH = 10;        
                          
                          
% in this model i do not have the last joint of the arms (wrist prosup i guess)
% standing
%CONFIG.JOINTS = [-20   0  0, -30  30  0  45 , -30  30  0  45 , 25.5   0   0  -8  -5.5  0, 25.5   0   0  -8  -5.5  0]'*(pi/180);
% sitting
%CONFIG.JOINTS = [  13   0  0   -20.0  30.0  0.0  45.0  -20.0  30.0  0.0  45.0   90 0  0 -100 -10.4 0   90 0  0 -100 -10.4 0]'*(pi/180);
%CONFIG.JOINTS = [  70   0  0   -71.0  30.0  0.0  45.0  -71.0  30.0  0.0  45.0   52 0  0 -100 -18 0   52 0  0 -100 -18 0]'*(pi/180);
%% ToRestore
%CONFIG.JOINTS = params.qfinal; %% final joint position
%CONFIG.JOINTSITING = params.qfinalSitting; 
 
 %CONFIG.JOINTS      = [  13   0  0   -20.0  30.0  0.0  45.0  -20.0  30.0  0.0  45.0   90 0  0 -100 -10.4 0   90 0  0 -100 -10.4 0]'*(pi/180);
 %CONFIG.JOINTSITING = [  13   0  0   -20.0  30.0  0.0  45.0  -20.0  30.0  0.0  45.0   90 0  0 -100 -10.4 0   90 0  0 -100 -10.4 0]'*(pi/180);
    
starting_joint_pos =[50.1857703540998,-0.533038872192590,1.44785345374291,...
                    -57.3037636133022,39.9416098290793,4.54148870460762,43.1813130427136,...
                    -27.3040461636777,39.9411577140989,4.54152590534171,43.1814084163514,...
                    61.4480168234164,0.297235353538209,-0.145951076001808,-99.1571404298116,-15.6142439364711,...
                    0.0610744452794047, 61.4791751123232,0.237790666608333,-0.0564860341198656,-99.0849810833032,-15.5651024227906,0.0556713433800658]*(pi/180);
CONFIG.JOINTSITING      = [50.1857703540998,-0.533038872192590,1.44785345374291,...
                           -27.3037636133022,39.9416098290793,4.54148870460762,43.1813130427136,...
                           -27.3040461636777,39.9411577140989,4.54152590534171,43.1814084163514,...
                           61.4480168234164,0.297235353538209,-0.145951076001808,-99.1571404298116,-15.6142439364711,0.0610744452794047,...
                           61.4791751123232,0.237790666608333,-0.0564860341198656,-99.0849810833032,-15.5651024227906,0.0556713433800658]'*(pi/180);
 CONFIG.JOINTS     =[70.0000001093867 0.618804962651733 0.399999267875981...
                    -67.2000001361580 34.0999961120969 4.79796140019389 43.1917772138638...
                    -67.2000001361580 34.0999961120969 4.79796140019389 43.1917772138638...
                    84.2999649174303	0.761524617074400	0.0867967193079845	-99.2529302018096	-15.8102389048266	0.0632937999425440...
                    84.2999649174303	0.761524617074400	0.0867967193079845	-99.2529302018096	-15.8102389048266	0.0632937999425440]'*(pi/180); 
    